%YAML:1.0
---
camera_matrix: !!opencv-matrix
   rows: 3
   cols: 3
   dt: d
   data: [ 970.1613769537762, 0., 304.08650362429205, 0.,
       968.15203505757438, 204.27117709726966, 0., 0., 1. ]
distortion_coefficients: !!opencv-matrix
   rows: 1
   cols: 14
   dt: d
   data: [ 113.68669144446675, -791.76934939898808,
       0.0053669827286354057, 0.0038388300173348689, 0.,
       113.54197224510483, -746.05578780160738, -323.31957105512527, 0.,
       0., 0., 0., 0., 0. ]
rms_error: 0.83456680272736095
